23
0 47 42 26 18 41 20 48 19 39 37 29 55 29 44 31 45 51 28 15 54 21 27 
47 0 18 35 22 16 56 24 38 33 12 25 31 43 12 39 14 27 36 56 34 57 42 
42 18 0 17 38 50 57 39 43 59 51 32 14 12 43 43 20 23 30 59 36 19 50 
26 35 17 0 16 30 48 13 48 39 33 58 42 14 27 28 49 48 38 23 28 13 38 
18 22 38 16 0 59 34 39 47 39 13 59 28 29 20 53 42 19 40 38 55 50 34 
41 16 50 30 59 0 14 18 55 57 19 52 32 34 40 59 18 19 47 20 19 13 25 
20 56 57 48 34 14 0 23 44 19 35 48 28 38 27 44 30 29 33 17 28 52 33 
48 24 39 13 39 18 23 0 54 26 23 22 12 59 10 42 10 29 36 18 35 56 35 
19 38 43 48 47 55 44 54 0 13 52 50 59 43 26 15 23 58 55 46 52 15 55 
39 33 59 39 39 57 19 26 13 0 14 25 49 33 46 29 51 16 25 35 33 49 44 
37 12 51 33 13 19 35 23 52 14 0 24 29 32 43 44 41 33 56 45 31 32 32 
29 25 32 58 59 52 48 22 50 25 24 0 31 49 28 51 56 18 19 18 51 43 15 
55 31 14 42 28 32 28 12 59 49 29 31 0 17 51 48 22 58 13 13 49 17 49 
29 43 12 14 29 34 38 59 43 33 32 49 17 0 13 54 36 16 15 25 11 28 24 
44 12 43 27 20 40 27 10 26 46 43 28 51 13 0 31 56 26 30 57 13 54 20 
31 39 43 28 53 59 44 42 15 29 44 51 48 54 31 0 56 28 34 39 56 37 44 
45 14 20 49 42 18 30 10 23 51 41 56 22 36 56 56 0 18 34 51 19 53 20 
51 27 23 48 19 19 29 29 58 16 33 18 58 16 26 28 18 0 29 53 51 46 25 
28 36 30 38 40 47 33 36 55 25 56 19 13 15 30 34 34 29 0 54 33 13 33 
15 56 59 23 38 20 17 18 46 35 45 18 13 25 57 39 51 53 54 0 54 26 45 
54 34 36 28 55 19 28 35 52 33 31 51 49 11 13 56 19 51 33 54 0 39 10 
21 57 19 13 50 13 52 56 15 49 32 43 17 28 54 37 53 46 13 26 39 0 42 
27 42 50 38 34 25 33 35 55 44 32 15 49 24 20 44 20 25 33 45 10 42 0 
