24
0 13 51 58 36 39 17 19 28 16 58 15 10 49 26 18 13 34 53 30 11 47 21 49
13 0 21 56 33 37 47 34 48 58 41 38 20 36 59 42 34 32 34 45 44 37 31 13
51 21 0 15 47 33 17 47 10 13 49 56 13 39 53 55 14 19 33 43 28 34 21 20
58 56 15 0 48 57 47 58 48 34 58 22 29 28 55 23 20 43 32 21 24 35 57 17
36 33 47 48 0 22 13 43 37 18 19 46 21 52 57 16 55 30 21 20 29 37 13 34
39 37 33 57 22 0 43 55 27 54 17 35 48 35 26 31 59 47 41 56 12 39 30 37
17 47 17 47 13 43 0 51 38 19 32 43 11 15 46 18 46 57 13 27 10 38 50 18
19 34 47 58 43 55 51 0 53 49 32 29 49 44 15 56 23 28 42 45 47 33 34 23
28 48 10 48 37 27 38 53 0 12 48 52 15 59 48 42 34 37 15 10 20 30 48 47
16 58 13 34 18 54 19 49 12 0 52 54 33 51 42 41 32 33 53 50 36 12 23 11
58 41 49 58 19 17 32 32 48 52 0 26 12 22 15 54 28 30 35 54 20 22 50 10
15 38 56 22 46 35 43 29 52 54 26 0 45 55 44 56 28 23 41 55 17 33 11 20
10 20 13 29 21 48 11 49 15 33 12 45 0 20 24 32 47 28 52 34 30 56 22 38
49 36 39 28 52 35 15 44 59 51 22 55 20 0 11 39 15 52 52 29 25 47 39 53
26 59 53 55 57 26 46 15 48 42 15 44 24 11 0 21 18 45 32 35 36 21 10 44
18 42 55 23 16 31 18 56 42 41 54 56 32 39 21 0 51 12 46 36 37 55 23 15
13 34 14 20 55 59 46 23 34 32 28 28 47 15 18 51 0 40 24 54 53 35 18 50
34 32 19 43 30 47 57 28 37 33 30 23 28 52 45 12 40 0 10 18 18 24 38 21
53 34 33 32 21 41 13 42 15 53 35 41 52 52 32 46 24 10 0 12 24 20 25 14
30 45 43 21 20 56 27 45 10 50 54 55 34 29 35 36 54 18 12 0 19 12 17 45
11 44 28 24 29 12 10 47 20 36 20 17 30 25 36 37 53 18 24 19 0 26 37 16
47 37 34 35 37 39 38 33 30 12 22 33 56 47 21 55 35 24 20 12 26 0 10 32
21 31 21 57 13 30 50 34 48 23 50 11 22 39 10 23 18 38 25 17 37 10 0 10
49 13 20 17 34 37 18 23 47 11 10 20 38 53 44 15 50 21 14 45 16 32 10 0